0.102586125	
0.770029324	
0.059448819	
0.999513981	
0.942968831	
0.848389812	
0.909750583	
0.615745057	
0.908518116	
0.994561776	
0.880038   	
0.755770535	
0.004689729	
0.167456154	
0.050851827	
0.957727979	
0.085327742	
0.044748291	
0.570203292	
0.376628584	
0.298815648	
0.801343518	
0.1917061  	
0.196634703	
0.073889393	
0.374311347	
0.551788812	
0.79379742 	
0.130103485	
0.626596593	
0.208002642	
0.540955955	
0.628341161	
0.697535471	
0.410432807	
0.761422586	
0.257551712	
0.02635944 	
0.118853794	
0.538421893	
0.5689593  	
0.022725015	
0.438436013	
0.560012563	
0.567237977	
0.283603589	
0.971920254	
0.996969189	
0.371333282	
0.697875691	
0.926975501	
0.93645772 	
0.849055471	
0.212073156	
0.205982331	
0.000654538	
0.824684186	
0.58197998 	
0.060696046	
0.047693708	
0.503467799	
0.233524827	
0.150594599	
0.518811672	
0.403345877	
0.329035821	
0.800214475	
0.429130091	
0.570878967	
0.070728214	
0.324100113	
0.863262175	
0.447653789	
0.632847469	
0.882970839	
0.815215142	
0.812736249	
0.84238827 	
0.668186774	
0.904859632	
0.408651885	
0.476853602	
0.020349637	
0.345040257	
0.281326248	
0.393626788	
0.213637776	
0.981330207	
0.220780733	
0.248971137	
0.60522631 	
0.493913265	
0.438876612	
0.146795741	
0.597430714	
0.508833147	
0.365021714	
0.911690524	
0.582105435	
0.702688409	
0.570113074	
0.175077825	
0.025990145	
0.156848524	
0.797215   	
0.015429528	
0.19298218 	
0.520802241	
0.06956919 	
0.097054621	
0.291746758	
0.887700036	
0.544709069	
0.459315391	
0.561767067	
0.934064388	
0.304230499	
0.06935709 	
0.68919017 	
0.283436071	
0.962242327	
0.276620763	
0.344813712	
0.644636656	
0.050126929	
0.119577987	
0.620979734	
0.227025099	
0.960190373	
0.414599418	
0.982019756	
0.246034329	
0.019081218	
0.751907943	
0.404452661	
0.662143481	
0.206873316	
0.52498139 	
0.664999576	
0.972136909	
0.225458107	
0.556428107	
0.531381965	
0.753497489	
0.533446566	
0.917409684	
0.130524238	
0.441270146	
0.738343139	
0.472825487	
0.3440298  	
0.984987492	
0.401766498	
0.987935968	
0.665303777	
0.784793504	
0.042958692	
0.625114766	
0.328267061	
0.405128413	
0.408263542	
0.236414111	
0.518872528	
0.363848696	
0.170454413	
0.973531434	
0.411726806	
0.51088525 	
0.879164755	
0.467853989	
0.997367974	
0.26463293 	
0.579807994	
0.101882197	
0.117186932	
0.932724654	
0.874952679	
0.683476054	
0.459823309	
0.078428565	
0.286115783	
0.947076165	
0.844658345	
0.482891782	
0.66555217 	
0.515545722	
0.30087446 	
0.096414875	
0.231211515	
0.123418139	
0.936348139	
0.093876019	
0.150663349	
0.553587491	
0.776610013	
0.301199197	
0.523498452	
0.636973124	
0.465649544	
0.175655138	
0.674745553	
0.584647856	
0.271581273	
0.679866755	
0.216867603	
0.818342686	
0.217515516	
0.646383809	
0.254600956	
0.29634915 	
0.346907287	
0.884605152	
0.884586494	
0.565149318	
0.650399975	
0.771590964	
0.851262892	
0.93456784 	
0.049515142	
0.763271188	
0.874393649	
0.934261734	
0.632164645	
0.706805464	
0.301509245	
0.549732461	
0.856613335	
0.311395574	
0.315925359	
0.352357227	
0.581870763	
0.311119773	
0.783528963	
0.570429737	
0.131053864	
0.874321392	
0.879745037	
0.85160667 	
0.12912681 	
0.587745058	
0.984126467	
0.002495145	
0.053757405	
0.144512946	
0.247738787	
0.393600159	
0.435221983	
0.294707075	
0.24169846 	
0.156553124	
0.520416214	
0.281660286	
0.845216379	
0.152985186	
0.897747182	
0.541332417	
0.035122892	
0.952386286	
0.868652176	
0.043697525	
0.398158235	
0.265015267	
0.760412446	
0.198480264	
0.167397318	
0.311505318	
0.593967261	
0.109955338	
0.732922132	
0.886082043	
0.677728412	
0.499479102	
0.343746217	
0.491248706	
0.139587224	
0.136679538	
0.720371436	
0.314657867	
0.704223987	
0.935250727	
0.211626697	
0.251998818	
0.529552884	
0.361745367	
0.007362117	
0.89135425 	
0.025193483	
0.109534996	
0.085297162	
0.291054999	
0.905440204	
0.747879214	
0.438239189	
0.377657392	
0.311823195	
0.933697081	
0.02889309 	
0.428472088	
0.356531864	
0.569084044	
0.756437113	
0.079482302	
0.597329454	
0.74501458 	
0.516186871	
0.445584471	
0.587844947	
0.196763342	
0.097436595	
0.42820667 	
0.963920266	
0.44495253 	
0.217310377	
0.244278143	
0.901696634	
0.171384291	
0.976260813	
0.72419751 	
0.123491758	
0.973782412	
0.385729526	
0.787841117	
0.689532485	
0.748196756	
0.915033391	
0.134792499	
0.215032531	
0.440768169	
0.0784177  	
0.997066754	
0.413343413	
0.966388144	
0.701967366	
0.137738743	
0.77565269 	
0.735945553	
0.835299755	
0.888368685	
0.239446587	
0.918380171	
0.603967871	
0.694010544	
0.263892095	
0.864131282	
0.700778169	
0.446288451	
0.554315714	
0.719072824	
0.038136061	
0.601292193	
0.296077009	
0.993429954	
0.846489079	
0.137347637	
0.480442244	
0.150361553	
0.075459479	
0.261356258	
0.944660268	
0.616536574	
0.744685829	
0.964925251	
0.224722233	
0.364670725	
0.111585557	
0.374429309	
0.356094026	
0.648675308	
0.72569723 	
0.545076329	
0.71837503 	
0.601436033	
0.646440063	
0.993388324	
0.112320062	
0.217811362	
0.409969623	
0.425393857	
0.972805979	
0.291457061	
0.448216571	
0.653470396	
0.827743642	
0.037451957	
0.360796813	
0.318257672	
0.026651746	
0.215857541	
0.155629313	
0.749118016	
0.124915825	
0.717260826	
0.064465706	
0.019654603	
0.159778925	
0.315309478	
0.378428848	
0.763669058	
0.013977933	
0.624775106	
0.453163059	
0.98169034 	
0.743893141	
0.78212339 	
0.432317192	
0.360188184	
0.310683746	
0.923676731	
0.19239238 	
0.607860149	
0.111150917	
0.368789936	
0.755912336	
0.564720838	
0.694825009	
0.166663506	
0.614729586	
0.206683965	
0.166115163	
0.802545615	
0.001962996	
0.614391788	
0.594425303	
0.802111958	
0.771153538	
0.685793561	
0.539238616	
0.955961408	
0.123673886	
0.781637894	
0.057501317	
0.054150896	
0.245094384	
0.448610986	
0.110609868	
0.868886351	
0.512964975	
0.962913734	
0.493038127	
0.71098964 	
0.224426566	
0.758842717	
0.004889009	
0.383014736	
0.627917065	
0.864675235	
0.822472907	
0.856145495	
0.467048554	
0.197747906	
0.907742183	
0.306883809	
0.438399011	
0.879485974	
0.850721098	
0.197404334	
0.934811652	
0.976963791	
0.555188921	
0.132479601	
0.254642355	
0.025328423	
0.973227434	
0.622743856	
0.315896965	
0.296381698	
0.994210993	
0.192968387	
0.844266993	
0.904091789	
0.495631923	
0.584352112	
0.483792849	
0.574661328	
0.626145154	
0.142628696	
0.825633508	
0.32002273 	
0.279011585	
0.102759208	
0.53594805 	
0.551462827	
0.823970829	
0.666282276	
0.752310744	
0.43594487 	
0.646786202	
0.322224207	
0.91137918 	
0.569553275	
0.322360337	
0.746205036	
0.543056051	
0.828824215	
0.642942024	
0.796282427	
0.844775776	
0.831721823	
0.672618706	
0.767948136	
0.165398791	
0.455125984	
0.002149844	
0.849149363	
0.282300929	
0.213835451	
0.100003348	
0.355721915	
0.541073667	
0.901987026	
0.751267728	
0.360838842	
0.342529725	
0.936758535	
0.534631599	
0.481243558	
0.2984725  	
0.144453916	
0.173084311	
0.076020658	
0.606047687	
0.248277271	
0.445401688	
0.453354774	
0.382610788	
0.101806219	
0.513956774	
0.778324635	
0.899607607	
0.85761939 	
0.564343565	
0.565401233	
0.879009463	
0.534298843	
0.557792705	
0.106366835	
0.896845213	
0.788465147	
0.493142822	
0.374030891	
0.656270055	
0.58979758 	
0.597982937	
0.040431863	
0.579562788	
0.161831505	
0.168045157	
0.895395072	
0.919465526	
0.756855186	
0.242983756	
0.208573773	
0.685067825	
0.109981759	
0.862932255	
0.032371659	
0.536992228	
0.645027125	
0.48449584 	
0.742821228	
0.638921915	
0.870011202	
0.854942547	
0.065929601	
0.79132696 	
0.591523701	
0.834196509	
0.111402587	
0.410283632	
0.395406676	
0.973160348	
0.755391242	
0.106916308	
0.199888887	
0.546566816	
0.724477321	
0.323204869	
0.368103556	
0.694379152	
0.716207586	
0.650905514	
0.972741101	
0.696825285	
0.188294642	
0.744840346	
0.743291739	
0.298468797	
0.752439489	
0.506250857	
0.054107458	
0.438368174	
0.222233392	
0.54939758 	
0.728222008	
0.577742989	
0.806805265	
0.973249502	
0.329309656	
0.759814254	
0.096435088	
0.070988972	
0.350549518	
0.932200962	
0.44076087 	
0.191387647	
0.340014605	
0.128802591	
0.86026819 	
0.623107592	
0.554036546	
0.328096371	
0.753366571	
0.230716368	
0.943303709	
0.435939445	
0.513850833	
0.466378075	
0.193216885	
0.382091791	
0.444238009	
0.656301381	
0.222679512	
0.68208827 	
0.503526635	
0.821131247	
0.974645956	
0.972313243	
0.849308084	
0.744950642	
0.528504495	
0.29879179 	
0.853325173	
0.753841777	
0.220691086	
0.930649412	
0.371912789	
0.758571014	
0.627089641	
0.075697647	
0.157589763	
0.634112192	
0.236225466	
0.752055382	
0.720076391	
0.785147575	
0.901901731	
0.477270452	
0.811467805	
0.348759168	
0.474304116	
0.985605585	
0.143424372	
0.374693741	
0.791412187	
0.2197917  	
0.837478975	
0.728592769	
0.957784249	
0.200338804	
0.433058459	
0.138530053	
0.910145513	
0.220278283	
0.139156433	
0.277044904	
0.889409895	
0.5458342  	
0.45521072 	
0.046289901	
0.445629569	
0.836314155	
0.464193948	
0.675024585	
0.684150715	
0.319973924	
0.792060037	
0.397100099	
0.110121487	
0.313450117	
0.836737589	
0.151996056	
0.204075209	
0.293874827	
0.701969515	
0.374525192	
0.69287937 	
0.057988684	
0.918814504	
0.118855291	
0.622224517	
0.832255849	
0.253720137	
0.177103349	
0.26801636 	
0.143692387	
0.897958966	
0.809036578	
0.311794001	
0.583818685	
0.945803788	
0.719878814	
0.246752765	
0.689771272	
0.590502017	
0.115410494	
0.61798902 	
0.751413922	
0.368486923	
0.539841564	
0.580062173	
0.447117143	
0.245480924	
0.714772999	
0.600603021	
0.38884764 	
0.359910282	
0.725801486	
0.932514448	
0.572245808	
0.0144706  	
0.853069113	
0.591284221	
0.384713285	
0.672918055	
0.478048736	
0.497433549	
0.412991988	
0.183449737	
0.438567856	
0.274412851	
0.516975634	
0.518911785	
0.245133198	
0.26380875 	
0.824606924	
0.035780937	
0.043140646	
0.595359402	
0.808258002	
0.398392586	
0.728598035	
0.530085309	
0.262440253	
0.901500142	
0.345417264	
0.86137917 	
0.102344348	
0.173428999	
0.145319107	
0.577290649	
0.728061672	
0.874785607	
0.83300814 	
0.290988015	
0.147948903	
0.154409868	
0.139012669	
0.469497331	
0.207200593	
0.717096693	
0.901733411	
0.054584398	
0.113313991	
0.09471881 	
0.709522865	
0.718378041	
0.574082615	
0.953443916	
0.868907147	
0.945640443	
0.50629221 	
0.709025773	
0.402055299	
0.270925409	
0.923123616	
0.130545817	
0.365927838	
0.099742203	
0.880019452	
0.183287866	
0.830762621	
0.570574923	
0.587962999	
0.706343736	
0.086276586	
0.636558262	
0.219427254	
0.803201355	
0.841557854	
0.391472853	
0.126535366	
0.800973397	
0.51947205 	
0.960869055	
0.770877573	
0.536143817	
0.880180498	
0.120841999	
0.468508257	
0.872806686	
0.307638935	
0.090875496	
0.802515723	
0.717076504	
0.504368763	
0.477348639	
0.001967402	
0.705499261	
0.611343139	
0.214390756	
0.597742013	
0.535979388	
0.492757805	
0.117489287	
0.851250114	
0.328783663	
0.685961323	
0.576049697	
0.746734195	
0.925414867	
0.68505401 	
0.713170898	
0.495530132	
0.195542008	
0.626561314	
0.442579121	
0.206704664	
0.566204575	
0.538925867	
0.111313735	
0.437308912	
0.732594446	
0.875129213	
0.894469707	
0.391515882	
0.803019618	
0.676055846	
0.671677576	
0.978577268	
0.64503281 	
0.411619041	
0.591458454	
0.256571123	
0.928653331	
0.335048712	
0.334124889	
0.79488367 	
0.031236485	
0.971236163	
0.5414447  	
0.604319838	
0.152596778	
0.205044988	
0.511650942	
0.456363791	
0.342028521	
0.824915208	
0.657349286	
0.174668958	
0.846164571	
0.489080259	
0.133239744	
0.665337141	
0.485761675	
0.990701655	
0.880479305	
0.429430122	
0.363279373	
0.458853671	
0.460302361	
0.720460149	
0.161299813	
0.469304038	
0.336201645	
0.742450336	
0.00289995 	
0.692906352	
0.269332629	
0.270417103	
0.051480805	
0.424513967	
0.90127705 	
0.392762727	
0.299607242	
0.699132305	
0.652966407	
0.153650209	
0.116040655	
0.885447553	
0.180697145	
0.460224869	
0.531959168	
0.704602563	
0.336289413	
0.417023267	
0.897509792	
0.653842875	
0.981858707	
0.173679167	
0.753448333	
0.615465149	
0.137478739	
0.894658246	
0.094441218	
0.983840871	
0.999669063	
0.40222992 	
0.634861987	
0.620941449	
0.707738431	
0.629730616	
0.470717511	
0.865070155	
0.252406155	
0.348676533	
0.219125639	
0.918709756	
0.352892115	
0.429956579	
0.956729022	
0.933476307	
0.151064459	
0.711626977	
0.338082982	
0.010818587	
0.814358708	
0.977206283	
0.188360609	
0.834539451	
0.751247593	
0.784911182	
0.73745773 	
0.046409666	
0.443848858	
0.286338803	
0.063805352	
0.100846859	
0.588504801	
0.511113573	
0.385932716	
0.243482985	
0.160442831	
0.738729461	
0.240136738	
0.057102219	
0.255585616	
0.615673276	
0.587032824	
0.998959918	
0.884310142	
0.153922557	
0.978223466	
0.794012   	
0.369842362	
0.045616469	
0.219398464	
0.788050301	
0.782414979	
0.465872433	
0.226800592	
0.792570076	
0.55890495 	
0.124016901	
0.924840264	
0.471132307	
0.416241205	
0.132673516	
0.4783483  	
0.899927132	
0.348883404	
0.438783527	
0.206021836	
0.193308824	
0.296201185	
0.96637158 	
0.311627929	
0.505158867	
0.025043876	
0.248623012	
0.682606848	
0.291499817	
0.282202363	
0.377944838	
0.7731297  	
0.716171637	
0.992884817	
0.100738774	
0.897422497	
0.765249294	
0.321564589	
0.12825959 	
0.947160252	
0.741596849	
0.042753292	
0.486915141	
0.38129482 	
0.782601049	
0.800293132	
0.652242818	
0.379259135	


